Latyr S.A
+221775030863
Dolor Sit Amet
M. Mbaye S.A
+221770138456
+221773882984
+221777840161
Rawane S.A
+221773877932
Fatou S.A
+22676818327
+221784599294
+221784219485
+221777183201
+221778361212
+221774716164
+221770609972
+221778590362
+221774106888
Adolphe
Ignace Francois
+221781565039
+221772717905
+221777902001
+221773874892
+221785354479
+221763563496
+221756429858
+221772586360
+221774209103
Armando
+221773878356
+221785944489
+221773528452
+221783845870
Moustapha Dioum
+221772925516
+221776883073
+221774130289
+221762542226
+221776197880
Aissatou S.A
Anna Fab
+22377229039
+221774183971
+221771844765
+221776880800
+221777049928
+221773237733
+221771630044
+221771390537
+33761132749
+22955332568
+221764381369
+221774083493
+22661795998
+221785197122
+221778195462
+221773274211
+221771826329
+221774924541
+221773488768
+221781507695
+22890599756
+224622995863
+221784644821
+221781421646
+221776481596
+221776793715
+221778004418
+221777908719
Fatou Thiam S.A
+221776707877
+221769458488
Francois ODC
+221774850630
+221778122604
+221773667662
+221771007695
+221709158086
+221783552084
+221766361229
+221763203663
+221781263260
+221761340422
Dooro S.A
+22509786851
+221779130675
+221776508764
+22660419524
+22660524114